0.0000 0.0518 0.5369 0.0328 0.0167
0.0000 0.1235 0.3101 0.0328 0.0167
0.0000 0.1951 0.4435 0.0328 0.0167
0.0000 0.2667 0.3324 0.0328 0.0167
0.0000 0.3383 0.5325 0.0328 0.0167
0.0000 0.4099 0.3012 0.0328 0.0167
0.0000 0.4815 0.5014 0.0328 0.0167
0.0000 0.5532 0.3190 0.0328 0.0167
0.0000 0.6248 0.5458 0.0328 0.0167
0.0000 0.6964 0.3057 0.0328 0.0167
0.0000 0.7680 0.4391 0.0328 0.0167
0.0000 0.8396 0.5369 0.0328 0.0167
0.0000 0.9112 0.3101 0.0328 0.0167
0.0000 0.9829 0.4435 0.0328 0.0167
