0.0000 0.0690 0.6045 0.0371 0.0160
0.0000 0.1396 0.7335 0.0371 0.0160
0.0000 0.2102 0.5893 0.0371 0.0160
0.0000 0.2808 0.7790 0.0371 0.0160
0.0000 0.3514 0.6652 0.0371 0.0160
0.0000 0.4220 0.4376 0.0371 0.0160
0.0000 0.4927 0.7259 0.0371 0.0160
0.0000 0.5633 0.4072 0.0371 0.0160
0.0000 0.6339 0.6955 0.0371 0.0160
0.0000 0.7045 0.6045 0.0371 0.0160
0.0000 0.7751 0.7335 0.0371 0.0160
0.0000 0.8457 0.5893 0.0371 0.0160
0.0000 0.9164 0.7790 0.0371 0.0160
0.0000 0.9842 0.6652 0.0315 0.0160
