0.0000 0.0773 0.2857 0.0306 0.0179
0.0000 0.1436 0.5867 0.0306 0.0179
0.0000 0.2099 0.4561 0.0306 0.0179
0.0000 0.2762 0.5753 0.0306 0.0179
0.0000 0.3425 0.2914 0.0306 0.0179
0.0000 0.4088 0.5980 0.0306 0.0179
0.0000 0.4751 0.4447 0.0306 0.0179
0.0000 0.5414 0.5299 0.0306 0.0179
0.0000 0.6077 0.2857 0.0306 0.0179
0.0000 0.6740 0.5867 0.0306 0.0179
0.0000 0.7403 0.4561 0.0306 0.0179
0.0000 0.8066 0.5753 0.0306 0.0179
0.0000 0.8729 0.2914 0.0306 0.0179
0.0000 0.9393 0.5980 0.0306 0.0179
