0.0000 0.0728 0.6998 0.0307 0.0185
0.0000 0.1379 0.6200 0.0307 0.0185
0.0000 0.2031 0.4073 0.0307 0.0185
0.0000 0.2682 0.5469 0.0307 0.0185
0.0000 0.3334 0.6665 0.0307 0.0185
0.0000 0.3985 0.3674 0.0307 0.0185
0.0000 0.4637 0.6133 0.0307 0.0185
0.0000 0.5289 0.7064 0.0307 0.0185
0.0000 0.5940 0.3741 0.0307 0.0185
0.0000 0.6592 0.6998 0.0307 0.0185
0.0000 0.7243 0.6200 0.0307 0.0185
0.0000 0.7895 0.4073 0.0307 0.0185
0.0000 0.8546 0.5469 0.0307 0.0185
0.0000 0.9593 0.6005 0.0437 0.0146
