0.0000 0.0600 0.3034 0.0496 0.0174
0.0000 0.1438 0.5316 0.0496 0.0174
0.0000 0.2276 0.3299 0.0496 0.0174
0.0000 0.3636 0.2615 0.0306 0.0179
0.0000 0.4246 0.4957 0.0306 0.0179
0.0000 0.4855 0.3201 0.0306 0.0179
0.0000 0.5465 0.5542 0.0306 0.0179
0.0000 0.6075 0.4478 0.0306 0.0179
0.0000 0.6685 0.5329 0.0306 0.0179
0.0000 0.7295 0.3680 0.0306 0.0179
0.0000 0.7905 0.5862 0.0306 0.0179
0.0000 0.8514 0.5010 0.0306 0.0179
0.0000 0.9124 0.2828 0.0306 0.0179
0.0000 0.9734 0.5649 0.0306 0.0179
