0.0000 0.0646 0.3643 0.0373 0.0165
0.0000 0.1334 0.5229 0.0373 0.0165
0.0000 0.2022 0.3685 0.0373 0.0165
0.0000 0.2710 0.5646 0.0373 0.0165
0.0000 0.3398 0.3977 0.0373 0.0165
0.0000 0.4086 0.5688 0.0373 0.0165
0.0000 0.4774 0.3518 0.0373 0.0165
0.0000 0.5461 0.5271 0.0373 0.0165
0.0000 0.6149 0.4394 0.0373 0.0165
0.0000 0.6837 0.6022 0.0373 0.0165
0.0000 0.7525 0.5187 0.0373 0.0165
0.0000 0.8213 0.3643 0.0373 0.0165
0.0000 0.8901 0.5229 0.0373 0.0165
0.0000 0.9589 0.3685 0.0373 0.0165
