0.0000 0.0126 0.5344 0.0253 0.0143
0.0000 0.0763 0.3617 0.0398 0.0143
0.0000 0.1472 0.5728 0.0398 0.0143
0.0000 0.2181 0.2913 0.0398 0.0143
0.0000 0.2890 0.5216 0.0398 0.0143
0.0000 0.3599 0.3553 0.0398 0.0143
0.0000 0.4308 0.4960 0.0398 0.0143
0.0000 0.5017 0.2849 0.0398 0.0143
0.0000 0.5726 0.5280 0.0398 0.0143
0.0000 0.6435 0.2785 0.0398 0.0143
0.0000 0.7144 0.5344 0.0398 0.0143
0.0000 0.7853 0.3617 0.0398 0.0143
0.0000 0.8562 0.5728 0.0398 0.0143
0.0000 0.9271 0.2913 0.0398 0.0143
0.0000 0.9891 0.5216 0.0219 0.0143
