0.0000 0.0128 0.5428 0.0257 0.0172
0.0000 0.0841 0.3893 0.0317 0.0172
0.0000 0.1583 0.5251 0.0317 0.0172
0.0000 0.2325 0.2122 0.0317 0.0172
0.0000 0.3067 0.4483 0.0317 0.0172
0.0000 0.3808 0.2181 0.0317 0.0172
0.0000 0.4550 0.4542 0.0317 0.0172
0.0000 0.5292 0.2358 0.0317 0.0172
0.0000 0.6034 0.4838 0.0317 0.0172
0.0000 0.6776 0.3421 0.0317 0.0172
0.0000 0.7518 0.4424 0.0317 0.0172
0.0000 0.8260 0.3303 0.0317 0.0172
0.0000 0.9002 0.5428 0.0317 0.0172
0.0000 0.9744 0.3893 0.0317 0.0172
