0.0000 0.1311 0.7580 0.0335 0.0163
0.0000 0.1969 0.4285 0.0335 0.0163
0.0000 0.2628 0.5932 0.0335 0.0163
0.0000 0.3287 0.3814 0.0335 0.0163
0.0000 0.3946 0.5148 0.0335 0.0163
0.0000 0.4605 0.6638 0.0335 0.0163
0.0000 0.5264 0.4442 0.0335 0.0163
0.0000 0.5922 0.6168 0.0335 0.0163
0.0000 0.6581 0.7580 0.0335 0.0163
0.0000 0.7240 0.4285 0.0335 0.0163
0.0000 0.7899 0.5932 0.0335 0.0163
0.0000 0.8558 0.3814 0.0335 0.0163
0.0000 0.9217 0.5148 0.0335 0.0163
0.0000 0.9854 0.6638 0.0292 0.0163
