0.0000 0.0259 0.7427 0.0303 0.0187
0.0000 0.0891 0.4021 0.0303 0.0187
0.0000 0.1524 0.6106 0.0303 0.0187
0.0000 0.2156 0.3603 0.0303 0.0187
0.0000 0.2789 0.5689 0.0303 0.0187
0.0000 0.3421 0.3812 0.0303 0.0187
0.0000 0.4054 0.5967 0.0303 0.0187
0.0000 0.4687 0.7010 0.0303 0.0187
0.0000 0.5319 0.5620 0.0303 0.0187
0.0000 0.5952 0.3325 0.0303 0.0187
0.0000 0.6584 0.7427 0.0303 0.0187
0.0000 0.7217 0.4021 0.0303 0.0187
0.0000 0.7850 0.6106 0.0303 0.0187
0.0000 0.8828 0.5448 0.0704 0.0116
0.0000 0.9814 0.3946 0.0372 0.0116
