0.0000 0.0149 0.5214 0.0298 0.0149
0.0000 0.0845 0.3277 0.0429 0.0149
0.0000 0.1605 0.5328 0.0429 0.0149
0.0000 0.2366 0.2593 0.0429 0.0149
0.0000 0.3127 0.5043 0.0429 0.0149
0.0000 0.3888 0.2821 0.0429 0.0149
0.0000 0.4648 0.4588 0.0429 0.0149
0.0000 0.5409 0.5385 0.0429 0.0149
0.0000 0.6170 0.3961 0.0429 0.0149
0.0000 0.6931 0.5214 0.0429 0.0149
0.0000 0.7692 0.3277 0.0429 0.0149
0.0000 0.8452 0.5328 0.0429 0.0149
0.0000 0.9213 0.2593 0.0429 0.0149
0.0000 0.9880 0.5043 0.0240 0.0149
