0.0000 0.0119 0.5538 0.0238 0.0181
0.0000 0.0705 0.3083 0.0327 0.0181
0.0000 0.1336 0.5217 0.0327 0.0181
0.0000 0.1967 0.3510 0.0327 0.0181
0.0000 0.2598 0.4844 0.0327 0.0181
0.0000 0.3228 0.2496 0.0327 0.0181
0.0000 0.3859 0.5111 0.0327 0.0181
0.0000 0.4490 0.3617 0.0327 0.0181
0.0000 0.5121 0.4417 0.0327 0.0181
0.0000 0.5751 0.5271 0.0327 0.0181
0.0000 0.6908 0.2614 0.0438 0.0140
0.0000 0.7660 0.5246 0.0438 0.0140
0.0000 0.8411 0.3648 0.0438 0.0140
0.0000 0.9163 0.4541 0.0438 0.0140
0.0000 0.9848 0.3554 0.0304 0.0140
