0.0000 0.0344 0.3281 0.0688 0.0095
0.0000 0.1717 0.4508 0.0382 0.0143
0.0000 0.2403 0.2831 0.0382 0.0143
0.0000 0.3089 0.5370 0.0382 0.0143
0.0000 0.3775 0.2975 0.0382 0.0143
0.0000 0.4462 0.5657 0.0382 0.0143
0.0000 0.5148 0.4699 0.0382 0.0143
0.0000 0.5834 0.3310 0.0382 0.0143
0.0000 0.6520 0.5465 0.0382 0.0143
0.0000 0.7206 0.4364 0.0382 0.0143
0.0000 0.7892 0.5274 0.0382 0.0143
0.0000 0.8578 0.4412 0.0382 0.0143
0.0000 0.9264 0.5609 0.0382 0.0143
0.0000 0.9880 0.4508 0.0240 0.0143
