0.0000 0.0148 0.2607 0.0296 0.0174
0.0000 0.0812 0.4944 0.0352 0.0174
0.0000 0.1504 0.3566 0.0352 0.0174
0.0000 0.2196 0.2727 0.0352 0.0174
0.0000 0.2888 0.4644 0.0352 0.0174
0.0000 0.3580 0.2667 0.0352 0.0174
0.0000 0.4272 0.5243 0.0352 0.0174
0.0000 0.4964 0.3506 0.0352 0.0174
0.0000 0.5656 0.5483 0.0352 0.0174
0.0000 0.6347 0.4525 0.0352 0.0174
0.0000 0.7039 0.2488 0.0352 0.0174
0.0000 0.7731 0.5184 0.0352 0.0174
0.0000 0.8423 0.2607 0.0352 0.0174
0.0000 0.9115 0.4944 0.0352 0.0174
0.0000 0.9807 0.3566 0.0352 0.0174
