0.0000 0.0101 0.5599 0.0201 0.0176
0.0000 0.1537 0.6244 0.0332 0.0185
0.0000 0.2208 0.5460 0.0332 0.0185
0.0000 0.2880 0.3696 0.0332 0.0185
0.0000 0.3551 0.5509 0.0332 0.0185
0.0000 0.4222 0.4088 0.0332 0.0185
0.0000 0.4893 0.5656 0.0332 0.0185
0.0000 0.5564 0.3745 0.0332 0.0185
0.0000 0.6235 0.6195 0.0332 0.0185
0.0000 0.6906 0.5215 0.0332 0.0185
0.0000 0.7577 0.6244 0.0332 0.0185
0.0000 0.8248 0.5460 0.0332 0.0185
0.0000 0.8920 0.3696 0.0332 0.0185
0.0000 0.9591 0.5509 0.0332 0.0185
