0.0000 0.0138 0.6664 0.0277 0.0169
0.0000 0.0757 0.4367 0.0324 0.0169
0.0000 0.1400 0.6741 0.0324 0.0169
0.0000 0.2043 0.4214 0.0324 0.0169
0.0000 0.2686 0.6588 0.0324 0.0169
0.0000 0.3328 0.3908 0.0324 0.0169
0.0000 0.3971 0.6281 0.0324 0.0169
0.0000 0.4614 0.7660 0.0324 0.0169
0.0000 0.5257 0.6817 0.0324 0.0169
0.0000 0.5899 0.5898 0.0324 0.0169
0.0000 0.6542 0.4750 0.0324 0.0169
0.0000 0.7185 0.7813 0.0324 0.0169
0.0000 0.7828 0.6664 0.0324 0.0169
0.0000 0.8470 0.4367 0.0324 0.0169
0.0000 0.9113 0.6741 0.0324 0.0169
0.0000 0.9756 0.4214 0.0324 0.0169
